   1         "t-ow"    5   68.189346 245.317932 117.490982
   2           "sp"  959  15105.779297
   3         "ay+d"   34  436.182709 117.138542 264.732758
   4         "ay-l"    5   29.830809  11.980799   8.888243
   5         "ay-t"   23  120.963188  90.509926  69.965164
   6       "y-ow+g"    3    8.324980  57.204067  14.305168
   7      "ch-ae+t"  129  447.634369 466.673401 1482.306030
   8       "k-s+ah"    1    3.081355   1.982509   1.040350
   9         "l+ah"    4   30.501976  15.964606  10.058192
  10         "l+ow"    5   29.356550  13.620906  14.741424
  11       "uh-t+b"   10   11.913239  11.543690  14.829529
  12         "l-iy"   13   46.203957 154.132278 134.412781
  13      "jh-ah+t"   23  114.985085 410.782898 953.967102
  14      "ih-s+iy"   23   63.671310  64.028687 155.949417
  15       "k-ih+r"    4   19.048908   9.536230  18.968887
  16         "d+ih"   73  373.214600 152.251434 925.847961
  17         "d-iy"   57  367.469208 682.972046 347.174866
  18       "k-ae+n"   24   58.933567 113.144096  33.881443
  19       "k-ae+p"   10   42.368038  68.347679  27.557827
  20      "ih-k+ah"   24  150.246597  51.984486  65.608078
  21      "ih-k+er"   36  156.664169  90.065208 111.918236
  22      "ih-k+iy"    4   15.601179   7.248427   5.851309
  23       "m-aa+d"   23  109.828423  58.735664 809.744751
  24       "k-ah+t"   10   15.645123  13.852194  11.900004
  25        "jh+aa"    4   14.949470   8.312829  22.760281
  26        "jh+eh"   24   69.767052  54.246208 191.313522
  27        "jh+ey"   23   62.199066  50.741390  94.958092
  28        "jh-er"   10   67.944817 216.476974  27.812571
  29       "m-ae+d"    5    7.680712   6.399101  11.268006
  30       "k-ao+l"   50  381.188934 452.776672 947.716675
  31      "eh-v+ih"    4   10.118981   9.953495  51.615322
  32       "r-uw+p"   60  252.178970 216.051743 741.330017
  33         "m+ae"    5   27.934916  26.325237  53.417980
  34         "m+eh"   15   70.181770  98.771721  84.063934
  35       "s-ih+k"   24  160.686707  51.402195 124.263657
  36       "s-ih+n"   10   31.422855  61.328400  22.354317
  37      "k-ey+sh"    5   19.030355  23.471746   9.583811
  38       "s-k+ah"   10  106.320213  16.731869  12.081390
  39       "s-k+uw"   10   74.671898  22.012775  83.054680
  40       "k-l+ae"    4    4.657836   4.584693   7.229853
  41      "aa-m+aa"   23   78.069077 142.316086 296.261292
  42       "m-ay+l"    5   22.192087  14.913499  57.217606
  43       "s-ae+d"    5    7.285324   7.206294  10.473927
  44       "s-ah+t"    1    1.000240   0.999914   1.001434
  45       "m-l+iy"   10   52.816792  57.861641  20.128859
  46         "v+ih"   33  119.433983 125.191963  54.405605
  47      "ih-l+iy"   53   69.791115  71.221657 1035.566895
  48         "v+oy"    5   17.064384  10.148818  14.354503
  49       "w-ih+l"    3    7.755650   3.201379   3.769937
  50       "w-ih+n"   14   27.567339  36.854340  18.341885
  51       "s-t+aa"    5   35.264694  16.393202  53.360680
  52       "s-t+ih"   36  253.301361 263.820892 128.680267
  53        "ch+ae"  129  414.522125 417.514984 2931.416992
  54     "ey-sh+ah"    5   12.200677  42.526402  59.405994
  55       "f-ow+t"    5   10.214017  11.282436   6.949812
  56      "ih-d+iy"   29   46.689518  41.059155  84.646049
  57         "n-ah"    4   47.480354  97.651802 192.990051
  58       "b-r+ae"   23  128.045212  70.026474 135.882462
  59      "hh-ay+s"   10   22.904791  22.913284  58.953823
  60         "f+ae"   10   12.916031  11.659568  13.541286
  61         "f+ow"    5   89.661652  29.990505  15.686466
  62         "f+uh"   10   45.434570  24.696899  30.298260
  63      "d-iy+ah"   24   29.573391 126.043678 129.681213
  64      "d-iy+ow"    5   13.736574  40.560360  31.355980
  65       "w-ay+n"    9   49.067257  34.616661   9.239024
  66         "w+ay"    9   10.566376  50.172726  83.348251
  67         "w+ih"   17  148.984787 134.827820 118.034286
  68       "l-ow+k"    5    5.717421   7.069949   8.809705
  69        "sh+ay"    6   28.282169  53.597317   8.363487
  70          "b+l"   50  352.697876 398.351654 430.994293
  71          "b+r"   23  161.841995 140.203400 263.144989
  72        "sh-ay"    6    8.834819  14.344680 113.191902
  73      "ae-n+ay"   24   43.865898 264.875916 128.847076
  74     "jh-aa+sh"    4    7.328747   6.723396  21.439535
  75          "g+r"   60  435.339111 241.841034 433.244812
  76         "uw-l"   10   92.048203  49.468075  78.593933
  77         "uw-p"   60  149.491272 223.824707 163.062225
  78          "k+l"    4    7.151241   6.382213  19.505266
  79          "k+r"   35  149.950851  56.490166 1246.127686
  80          "m-z"   23  401.989014  59.839096 169.300171
  81      "iy-ey+t"   30   64.469917  70.497726 247.087509
  82          "n-d"   55  107.310722 434.988068 624.456482
  83     "ih-jh+ah"   23  107.685043  90.039368 436.432556
  84       "s-m+ay"    5   17.966127  19.887939  36.161171
  85          "p+l"    6   11.481802  24.774719  13.906528
  86         "eh+g"    4    8.274075  10.535570  37.648693
  87         "eh+k"    1    1.019977   2.588207   9.407939
  88         "eh+r"    4    7.864446  15.782535  41.873631
  89          "r-t"    5   14.621172   7.112878   8.869558
  90        "ih-jh"    1    1.046282   1.918406   1.581511
  91          "s+m"    5   16.108883  12.304022  48.454773
  92          "s+t"   41  124.703033 125.120193 401.926147
  93      "ow-g+ah"    3    6.274917   5.043849  34.949787
  94          "t-b"   10   24.597973  39.184017  64.993904
  95          "sil"  152  4756.021484 15105.779297 11334.801758
  96         "g-ah"    3   16.087177  10.891202 189.091690
  97      "ay-d+iy"   34   66.364059 158.503128 345.076508
  98        "iy-ah"   24  419.895721 612.687866 1021.550537
  99        "iy-ow"    5   69.741211 105.907982 205.216187
 100      "ih-n+jh"   10   20.700331  55.441456  25.322569
 101       "d-ih+l"   50   95.288155  66.132660  67.824852
 102       "d-ih+s"   23   68.120567  44.761429  78.208450
 103      "s-ih+jh"   24  109.674774 191.599716 268.896393
 104       "b-ae+s"   10   18.704363  12.809295  13.160604
 105         "ey-t"   30   72.455177  47.865723  85.485535
 106       "v-oy+s"    5   28.988178  27.562363  28.098110
 107         "p-ah"   10  224.906982 115.420990 489.836426
 108       "b-ao+l"   20   33.413071 206.305405 130.045120
 109      "sh-ah+n"    5   42.089600  98.810829   9.880022
 110       "f-ae+m"   10   27.308115  35.370708  71.449089
 111      "jh-eh+s"   24   74.850693  78.716835 163.510971
 112        "uw-ah"    4   72.807571 107.540977 253.466431
 113       "ay-n+d"    9   11.492013  21.626276  75.077637
 114       "k-uw+l"   10   14.614938  10.807982  15.160709
 115       "ay-s+k"   10   33.947010  24.009537  39.538704
 116       "b-l+aa"   50  150.438736  78.648827  72.251907
 117         "y+ow"    3   60.457039  14.025806  39.184540
 118       "k-eh+v"    4    6.987328  11.508062  18.370701
 119       "ey-m+z"   23  125.844330  61.136467 369.998962
 120       "l-aa+k"   50  295.859131 188.433533 275.280640
 121      "jh-ey+m"   23   46.912781 105.775330  57.993492
 122       "l-ae+r"    4   21.673918  32.728741   9.303425
 123      "ae-p+ah"   10   46.909248  93.641129  38.199852
 124       "m-eh+s"   15  118.746613  38.964695 170.161575
 125       "t-b+ao"   20   77.841049  42.491562  67.824463
 126       "l-ah+v"    4    5.852648   6.436164   6.570973
 127       "l-iy+t"   50  202.385635 682.376038 135.296219
 128       "l-iy+z"    6   20.915541  17.480192  31.900885
 129       "r-ih+k"    4    7.595923   9.457176  15.268699
 130       "ae-m+l"   10   26.618208  26.296873 119.830688
 131      "eh-r+ih"    4   20.756388  13.938817  10.799563
 132        "ey+uw"   23  198.631134 349.023987 117.690437
 133         "oy-s"    5   12.078460  13.750823  52.850510
 134        "ey-uw"   23   69.095276  59.161568 250.050735
 135       "t-ih+k"   36  250.284714  65.134033 194.027405
 136       "ae-s+k"   10   26.727606  24.025522  30.403631
 137       "r-ae+m"   23  493.026611  81.144371 415.731049
 138       "s-eh+n"   55  121.015991 106.684479  88.725098
 139       "s-eh+t"    4    9.352983  10.379963  23.762049
 140       "t-aa+r"    5   15.087999  10.172348  19.962900
 141       "r-ah+n"    4   23.810167  52.979630  15.418909
 142       "v-ih+d"   29   35.108440  71.728996  37.629112
 143       "v-ih+k"    4   16.921133   7.394134  11.128412
 144       "v-ih+n"    4   21.277435  35.674351  24.001440
 145        "hh+ay"   10   79.697281  50.881237  58.815701
 146     "sh-uw+ah"    4   15.698074  15.186342  18.743790
 147         "r-ah"    4  138.243530 110.791115 225.407684
 148         "r-ay"    5   12.996128   9.576518  72.616592
 149      "n-ay+ah"   24  110.657539  60.792923 291.236237
 150       "p-l+iy"    6   12.253488   7.059004  25.555981
 151       "z-ih+t"    4    8.980038   7.972011  13.658632
 152       "ah-t+b"   10   12.451707  13.508959  13.712646
 153       "eh-g+z"    4   10.444023   6.224760  12.117069
 154       "n-d+iy"   23   52.193901  59.532692 175.972946
 155      "eh-s+ah"    4   35.055557  15.235434  43.255058
 156      "eh-s+ih"   35  111.769707  79.325111 152.288193
 157       "eh-k+s"    1    4.439293   1.060397   3.454142
 158       "eh-n+d"   55   91.220398 402.875031 105.423615
 159       "g-z+ih"    4   42.440380  14.502983  17.012297
 160       "v-ay+t"   23  130.640213  93.061226 420.056915
 161     "aa-sh+uw"    4   77.269470  36.492306  18.680672
 162         "b+ae"   10   48.756836  40.086823  29.797560
 163      "ae-r+ah"    4   31.061121  16.377153  13.838992
 164       "ih-n+d"   14   20.254007  36.385590 134.588959
 165       "ih-n+v"   23   25.642384  35.071419 942.836609
 166       "g-r+uw"   60  403.459167 184.620377 496.749146
 167      "t-ay+ow"    4   19.674398   6.362069  12.004113
 168         "s+ae"    5   24.262173  13.989456  40.150513
 169         "s+eh"   59  174.662079 230.524765 663.014648
 170         "s+ih"   23   91.849335  73.147888 205.602829
 171         "s-iy"   23  104.459404 184.197586 223.260956
 172       "ih-t+b"   10   63.482460  34.183910  18.966904
 173        "ah-jh"    4   13.727835   5.751982  18.931496
 174         "ih+n"   23   41.057697  46.132240  30.565733
 175         "ih+t"   10  183.958542  39.974701  94.906830
 176         "ih-k"    4   11.526801  13.047740  63.545380
 177         "ih-n"    4    7.645822   6.524962  43.881390
 178         "ih-t"    4    5.930972   5.649080   8.156061
 179      "eh-t+ay"    4   41.173859  16.080465  21.961479
 180        "ay-ah"   24  369.551086 551.040955 1165.341797
 181        "ay-ow"    4   50.000481 113.199287  56.564236
 182       "aa-r+t"    5   22.232780  11.017091   6.753068
 183       "k-r+ay"    5   33.623459  13.592212   8.622628
 184      "ow-k+ey"    5   39.914680   8.867433   6.211734
 185       "k-r+iy"   30  146.032471 124.569794  72.536743
 186         "k+ae"   34   93.893448  51.649792 163.211823
 187         "k+ao"   50  185.980240  98.499435 1840.850098
 188         "k+eh"    4   15.687191   7.605676  35.113785
 189         "k+ih"    4   17.429964   8.541111  15.084719
 190      "ah-n+ah"    4   10.543605  66.390770  14.282188
 191         "k-ah"   24  358.541656 516.460815 1206.196045
 192         "k-er"   36  391.098114 1002.827209 1624.265991
 193         "k-iy"    4    9.117409  35.113045  46.254063
 194         "aa+m"   23  192.624969 222.837189 247.958740
 195      "s-ah+jh"    4   10.843704  77.021400  12.460577
 196         "aa-d"   23   44.617023  33.944569  57.516846
 197         "aa-k"   50  237.538422 118.716370 213.581604
 198       "n-v+ay"   23   83.030762 158.816635 345.802856
 199       "f-uh+t"   10   17.710915  11.395142  26.122641
 200         "ae+d"   34  108.272896 184.790146 1070.753540
 201         "ae-d"   44  222.564743 272.583740 353.421082
 202         "ae-m"   23   51.132511  36.351986  74.475380
 203         "ae-t"  129  800.972839 402.888519 1356.850342
 204      "ih-r+ah"    4   19.922779   4.035986   4.822823
 205         "ah-n"    5    9.111174  19.568390  15.669888
 206         "ah-t"   24   72.855446  44.251804  49.042442
 207         "ah-v"    4    8.912030   7.379259  58.698059
 208         "iy-t"   50  366.751526 138.012299 473.892639
 209         "iy-z"    6    7.199395   8.018560  17.444408
 210      "r-iy+ey"   30   45.155071 169.125031 308.332977
 211         "ao-l"   70  171.244797 153.981049 393.814789
 212      "n-jh+er"   10   17.148277  15.125646  22.076334
 213      "ow-t+ow"    5    8.838959   9.929727   9.844834
